1 : 28,204,28,186,23,181,75,123,89,122,91,113,91,113,
2 : 90,115,85,103,89,96,71,68,75,44,90,48,107,33,136,32,150,28,166,30,
3 : 167,30,190,29,205,35,223,38,241,39,247,47,262,49,
4 : 264,48,270,47,278,50,288,44,294,50,312,52,325,46,333,47,338,52,341,60,
5 : 342,60,362,58,375,54,393,69,
6 : 393,68,390,48,396,36,410,20,435,15,465,22,476,4,495,9,514,0,526,2,
7 : 525,2,548,3,577,43,571,60,589,74,622,83,632,124,
8 : 632,124,644,120,668,131,715,121,723,128,727,140,741,150,
9 : 741,150,772,147,800,161,824,175,847,198,826,215,838,219,824,237,836,258,834,267,829,281,812,289,794,287,
10 : 795,287,760,305,755,330,742,335,727,333,710,350,701,346,
11 : 701,346,688,359,679,353,656,371,652,363,631,372,615,387,
12 : 615,387,612,393,600,401,603,413,
13 : 603,412,624,437,640,427,681,435,679,441,669,448,672,458,638,464,630,457,622,467,604,475,588,476,559,501,534,499,522,489,530,477,531,457,528,454,516,455,501,443,488,443,480,441,478,434,513,408,520,409,526,403,530,405,533,401,
14 : 533,401,519,395,516,397,516,401,483,398,462,387,451,387,446,384,449,379,453,373,
15 : 453,373,440,371,434,365,422,365,
16 : 422,364,416,365,409,370,402,386,387,408,361,428,360,441,357,449,348,447,349,443,340,438,327,442,315,449,306,450,288,442,282,432,286,423,294,422,303,409,319,386,315,368,332,359,347,366,359,364,363,354,345,343,344,336,340,330,343,324,335,317,322,307,328,293,330,285,321,283,311,281,309,274,
17 : 309,273,305,270,299,274,287,265,277,262,266,250,258,251,
18 : 257,250,247,256,231,255,221,262,218,260,204,276,163,286,154,285,147,294,133,295,
19 : 133,294,125,288,119,288,116,282,
20 : 116,282,107,285,91,283,70,282,54,276,40,280,31,273,22,271,20,266,11,262,4,253,0,237,11,225,13,215,20,209,28,203,
21 : 28,204,38,214,40,221,42,223,50,223,52,226,70,230,
22 : 70,229,69,215,79,207,83,208,110,203,111,199,108,197,114,179,118,181,126,183,
24 : 156,154,153,150,147,146,146,137,141,130,
23 : 125,182,133,175,140,167,142,161,152,161,156,154,
25 : 141,130,134,129,122,130,116,121,108,119,105,114,92,113,
26 : 142,131,145,115,149,118,162,110,172,113,176,113,178,102,185,98,184,94,186,86,181,83,184,80,185,76,167,64,163,59,163,53,170,43,167,30,
27 : 156,155,159,144,166,143,174,138,185,136,190,136,194,141,
28 : 195,141,210,133,221,119,238,118,
29 : 239,118,240,111,244,108,239,92,240,88,247,84,255,61,259,60,265,48,
30 : 239,117,243,124,242,131,248,134,251,138,256,138,260,144,255,153,256,161,262,166,264,173,
31 : 265,173,282,171,287,168,297,168,314,161,318,159,320,165,321,171,322,175,325,179,333,178,345,174,
32 : 344,174,344,166,354,155,355,144,353,129,344,118,343,112,348,106,344,102,347,95,344,92,345,83,336,77,336,71,342,70,339,66,341,58,
